
Time: 0
Waiting clients: (35,2,3)(4,3,6)(37,3,5)(0,7,4)(24,7,1)(31,7,2)(45,7,2)(6,8,3)(38,8,4)(12,11,4)(48,11,1)(44,13,4)(22,14,5)(46,14,2)(34,15,3)(49,16,2)(47,17,6)(18,19,1)(11,20,1)(5,21,5)(8,21,3)(33,21,4)(13,22,4)(15,22,2)(36,22,1)(21,24,4)(7,25,2)(41,25,5)(19,26,4)(30,26,6)(40,26,1)(2,27,4)(42,27,6)(1,28,1)(20,28,1)(9,29,3)(10,29,4)(23,30,2)(29,30,3)(3,31,1)(16,31,6)(14,32,2)(17,32,1)(27,32,6)(28,33,4)(32,33,6)(43,33,5)(39,34,1)(26,35,3)(25,39,2)
Queue 0: closed queue
Queue 1: closed queue
Queue 2: closed queue
Queue 3: closed queue
Queue 4: closed queue

Time: 1
Waiting clients: (35,2,3)(4,3,6)(37,3,5)(0,7,4)(24,7,1)(31,7,2)(45,7,2)(6,8,3)(38,8,4)(12,11,4)(48,11,1)(44,13,4)(22,14,5)(46,14,2)(34,15,3)(49,16,2)(47,17,6)(18,19,1)(11,20,1)(5,21,5)(8,21,3)(33,21,4)(13,22,4)(15,22,2)(36,22,1)(21,24,4)(7,25,2)(41,25,5)(19,26,4)(30,26,6)(40,26,1)(2,27,4)(42,27,6)(1,28,1)(20,28,1)(9,29,3)(10,29,4)(23,30,2)(29,30,3)(3,31,1)(16,31,6)(14,32,2)(17,32,1)(27,32,6)(28,33,4)(32,33,6)(43,33,5)(39,34,1)(26,35,3)(25,39,2)
Queue 0: closed queue
Queue 1: closed queue
Queue 2: closed queue
Queue 3: closed queue
Queue 4: closed queue

Time: 2
Waiting clients: (4,3,6)(37,3,5)(0,7,4)(24,7,1)(31,7,2)(45,7,2)(6,8,3)(38,8,4)(12,11,4)(48,11,1)(44,13,4)(22,14,5)(46,14,2)(34,15,3)(49,16,2)(47,17,6)(18,19,1)(11,20,1)(5,21,5)(8,21,3)(33,21,4)(13,22,4)(15,22,2)(36,22,1)(21,24,4)(7,25,2)(41,25,5)(19,26,4)(30,26,6)(40,26,1)(2,27,4)(42,27,6)(1,28,1)(20,28,1)(9,29,3)(10,29,4)(23,30,2)(29,30,3)(3,31,1)(16,31,6)(14,32,2)(17,32,1)(27,32,6)(28,33,4)(32,33,6)(43,33,5)(39,34,1)(26,35,3)(25,39,2)
Queue 0: [] current: (35,2,3)
Queue 1: closed queue
Queue 2: closed queue
Queue 3: closed queue
Queue 4: closed queue

Time: 3
Waiting clients: (0,7,4)(24,7,1)(31,7,2)(45,7,2)(6,8,3)(38,8,4)(12,11,4)(48,11,1)(44,13,4)(22,14,5)(46,14,2)(34,15,3)(49,16,2)(47,17,6)(18,19,1)(11,20,1)(5,21,5)(8,21,3)(33,21,4)(13,22,4)(15,22,2)(36,22,1)(21,24,4)(7,25,2)(41,25,5)(19,26,4)(30,26,6)(40,26,1)(2,27,4)(42,27,6)(1,28,1)(20,28,1)(9,29,3)(10,29,4)(23,30,2)(29,30,3)(3,31,1)(16,31,6)(14,32,2)(17,32,1)(27,32,6)(28,33,4)(32,33,6)(43,33,5)(39,34,1)(26,35,3)(25,39,2)
Queue 0: [] current: (35,2,2)
Queue 1: [] current: (4,3,6)
Queue 2: [] current: (37,3,5)
Queue 3: closed queue
Queue 4: closed queue

Time: 4
Waiting clients: (0,7,4)(24,7,1)(31,7,2)(45,7,2)(6,8,3)(38,8,4)(12,11,4)(48,11,1)(44,13,4)(22,14,5)(46,14,2)(34,15,3)(49,16,2)(47,17,6)(18,19,1)(11,20,1)(5,21,5)(8,21,3)(33,21,4)(13,22,4)(15,22,2)(36,22,1)(21,24,4)(7,25,2)(41,25,5)(19,26,4)(30,26,6)(40,26,1)(2,27,4)(42,27,6)(1,28,1)(20,28,1)(9,29,3)(10,29,4)(23,30,2)(29,30,3)(3,31,1)(16,31,6)(14,32,2)(17,32,1)(27,32,6)(28,33,4)(32,33,6)(43,33,5)(39,34,1)(26,35,3)(25,39,2)
Queue 0: [] current: (35,2,1)
Queue 1: [] current: (4,3,5)
Queue 2: [] current: (37,3,4)
Queue 3: closed queue
Queue 4: closed queue

Time: 5
Waiting clients: (0,7,4)(24,7,1)(31,7,2)(45,7,2)(6,8,3)(38,8,4)(12,11,4)(48,11,1)(44,13,4)(22,14,5)(46,14,2)(34,15,3)(49,16,2)(47,17,6)(18,19,1)(11,20,1)(5,21,5)(8,21,3)(33,21,4)(13,22,4)(15,22,2)(36,22,1)(21,24,4)(7,25,2)(41,25,5)(19,26,4)(30,26,6)(40,26,1)(2,27,4)(42,27,6)(1,28,1)(20,28,1)(9,29,3)(10,29,4)(23,30,2)(29,30,3)(3,31,1)(16,31,6)(14,32,2)(17,32,1)(27,32,6)(28,33,4)(32,33,6)(43,33,5)(39,34,1)(26,35,3)(25,39,2)
Queue 0: closed queue
Queue 1: [] current: (4,3,4)
Queue 2: [] current: (37,3,3)
Queue 3: closed queue
Queue 4: closed queue

Time: 6
Waiting clients: (0,7,4)(24,7,1)(31,7,2)(45,7,2)(6,8,3)(38,8,4)(12,11,4)(48,11,1)(44,13,4)(22,14,5)(46,14,2)(34,15,3)(49,16,2)(47,17,6)(18,19,1)(11,20,1)(5,21,5)(8,21,3)(33,21,4)(13,22,4)(15,22,2)(36,22,1)(21,24,4)(7,25,2)(41,25,5)(19,26,4)(30,26,6)(40,26,1)(2,27,4)(42,27,6)(1,28,1)(20,28,1)(9,29,3)(10,29,4)(23,30,2)(29,30,3)(3,31,1)(16,31,6)(14,32,2)(17,32,1)(27,32,6)(28,33,4)(32,33,6)(43,33,5)(39,34,1)(26,35,3)(25,39,2)
Queue 0: closed queue
Queue 1: [] current: (4,3,3)
Queue 2: [] current: (37,3,2)
Queue 3: closed queue
Queue 4: closed queue

Time: 7
Waiting clients: (6,8,3)(38,8,4)(12,11,4)(48,11,1)(44,13,4)(22,14,5)(46,14,2)(34,15,3)(49,16,2)(47,17,6)(18,19,1)(11,20,1)(5,21,5)(8,21,3)(33,21,4)(13,22,4)(15,22,2)(36,22,1)(21,24,4)(7,25,2)(41,25,5)(19,26,4)(30,26,6)(40,26,1)(2,27,4)(42,27,6)(1,28,1)(20,28,1)(9,29,3)(10,29,4)(23,30,2)(29,30,3)(3,31,1)(16,31,6)(14,32,2)(17,32,1)(27,32,6)(28,33,4)(32,33,6)(43,33,5)(39,34,1)(26,35,3)(25,39,2)
Queue 0: [] current: (0,7,4)
Queue 1: [] current: (4,3,2)
Queue 2: [] current: (37,3,1)
Queue 3: [(45,7,2)] current: (24,7,1)
Queue 4: [] current: (31,7,2)

Time: 8
Waiting clients: (12,11,4)(48,11,1)(44,13,4)(22,14,5)(46,14,2)(34,15,3)(49,16,2)(47,17,6)(18,19,1)(11,20,1)(5,21,5)(8,21,3)(33,21,4)(13,22,4)(15,22,2)(36,22,1)(21,24,4)(7,25,2)(41,25,5)(19,26,4)(30,26,6)(40,26,1)(2,27,4)(42,27,6)(1,28,1)(20,28,1)(9,29,3)(10,29,4)(23,30,2)(29,30,3)(3,31,1)(16,31,6)(14,32,2)(17,32,1)(27,32,6)(28,33,4)(32,33,6)(43,33,5)(39,34,1)(26,35,3)(25,39,2)
Queue 0: [] current: (0,7,3)
Queue 1: [] current: (4,3,1)
Queue 2: closed queue
Queue 3: [(38,8,4)] current: (45,7,2)
Queue 4: [(6,8,3)] current: (31,7,1)

Time: 9
Waiting clients: (12,11,4)(48,11,1)(44,13,4)(22,14,5)(46,14,2)(34,15,3)(49,16,2)(47,17,6)(18,19,1)(11,20,1)(5,21,5)(8,21,3)(33,21,4)(13,22,4)(15,22,2)(36,22,1)(21,24,4)(7,25,2)(41,25,5)(19,26,4)(30,26,6)(40,26,1)(2,27,4)(42,27,6)(1,28,1)(20,28,1)(9,29,3)(10,29,4)(23,30,2)(29,30,3)(3,31,1)(16,31,6)(14,32,2)(17,32,1)(27,32,6)(28,33,4)(32,33,6)(43,33,5)(39,34,1)(26,35,3)(25,39,2)
Queue 0: [] current: (0,7,2)
Queue 1: closed queue
Queue 2: closed queue
Queue 3: [(38,8,4)] current: (45,7,1)
Queue 4: [] current: (6,8,3)

Time: 10
Waiting clients: (12,11,4)(48,11,1)(44,13,4)(22,14,5)(46,14,2)(34,15,3)(49,16,2)(47,17,6)(18,19,1)(11,20,1)(5,21,5)(8,21,3)(33,21,4)(13,22,4)(15,22,2)(36,22,1)(21,24,4)(7,25,2)(41,25,5)(19,26,4)(30,26,6)(40,26,1)(2,27,4)(42,27,6)(1,28,1)(20,28,1)(9,29,3)(10,29,4)(23,30,2)(29,30,3)(3,31,1)(16,31,6)(14,32,2)(17,32,1)(27,32,6)(28,33,4)(32,33,6)(43,33,5)(39,34,1)(26,35,3)(25,39,2)
Queue 0: [] current: (0,7,1)
Queue 1: closed queue
Queue 2: closed queue
Queue 3: [] current: (38,8,4)
Queue 4: [] current: (6,8,2)

Time: 11
Waiting clients: (44,13,4)(22,14,5)(46,14,2)(34,15,3)(49,16,2)(47,17,6)(18,19,1)(11,20,1)(5,21,5)(8,21,3)(33,21,4)(13,22,4)(15,22,2)(36,22,1)(21,24,4)(7,25,2)(41,25,5)(19,26,4)(30,26,6)(40,26,1)(2,27,4)(42,27,6)(1,28,1)(20,28,1)(9,29,3)(10,29,4)(23,30,2)(29,30,3)(3,31,1)(16,31,6)(14,32,2)(17,32,1)(27,32,6)(28,33,4)(32,33,6)(43,33,5)(39,34,1)(26,35,3)(25,39,2)
Queue 0: closed queue
Queue 1: [] current: (12,11,4)
Queue 2: [] current: (48,11,1)
Queue 3: [] current: (38,8,3)
Queue 4: [] current: (6,8,1)

Time: 12
Waiting clients: (44,13,4)(22,14,5)(46,14,2)(34,15,3)(49,16,2)(47,17,6)(18,19,1)(11,20,1)(5,21,5)(8,21,3)(33,21,4)(13,22,4)(15,22,2)(36,22,1)(21,24,4)(7,25,2)(41,25,5)(19,26,4)(30,26,6)(40,26,1)(2,27,4)(42,27,6)(1,28,1)(20,28,1)(9,29,3)(10,29,4)(23,30,2)(29,30,3)(3,31,1)(16,31,6)(14,32,2)(17,32,1)(27,32,6)(28,33,4)(32,33,6)(43,33,5)(39,34,1)(26,35,3)(25,39,2)
Queue 0: closed queue
Queue 1: [] current: (12,11,3)
Queue 2: closed queue
Queue 3: [] current: (38,8,2)
Queue 4: closed queue

Time: 13
Waiting clients: (22,14,5)(46,14,2)(34,15,3)(49,16,2)(47,17,6)(18,19,1)(11,20,1)(5,21,5)(8,21,3)(33,21,4)(13,22,4)(15,22,2)(36,22,1)(21,24,4)(7,25,2)(41,25,5)(19,26,4)(30,26,6)(40,26,1)(2,27,4)(42,27,6)(1,28,1)(20,28,1)(9,29,3)(10,29,4)(23,30,2)(29,30,3)(3,31,1)(16,31,6)(14,32,2)(17,32,1)(27,32,6)(28,33,4)(32,33,6)(43,33,5)(39,34,1)(26,35,3)(25,39,2)
Queue 0: [] current: (44,13,4)
Queue 1: [] current: (12,11,2)
Queue 2: closed queue
Queue 3: [] current: (38,8,1)
Queue 4: closed queue

Time: 14
Waiting clients: (34,15,3)(49,16,2)(47,17,6)(18,19,1)(11,20,1)(5,21,5)(8,21,3)(33,21,4)(13,22,4)(15,22,2)(36,22,1)(21,24,4)(7,25,2)(41,25,5)(19,26,4)(30,26,6)(40,26,1)(2,27,4)(42,27,6)(1,28,1)(20,28,1)(9,29,3)(10,29,4)(23,30,2)(29,30,3)(3,31,1)(16,31,6)(14,32,2)(17,32,1)(27,32,6)(28,33,4)(32,33,6)(43,33,5)(39,34,1)(26,35,3)(25,39,2)
Queue 0: [] current: (44,13,3)
Queue 1: [] current: (12,11,1)
Queue 2: [] current: (22,14,5)
Queue 3: closed queue
Queue 4: [] current: (46,14,2)

Time: 15
Waiting clients: (49,16,2)(47,17,6)(18,19,1)(11,20,1)(5,21,5)(8,21,3)(33,21,4)(13,22,4)(15,22,2)(36,22,1)(21,24,4)(7,25,2)(41,25,5)(19,26,4)(30,26,6)(40,26,1)(2,27,4)(42,27,6)(1,28,1)(20,28,1)(9,29,3)(10,29,4)(23,30,2)(29,30,3)(3,31,1)(16,31,6)(14,32,2)(17,32,1)(27,32,6)(28,33,4)(32,33,6)(43,33,5)(39,34,1)(26,35,3)(25,39,2)
Queue 0: [] current: (44,13,2)
Queue 1: closed queue
Queue 2: [] current: (22,14,4)
Queue 3: [] current: (34,15,3)
Queue 4: [] current: (46,14,1)

Time: 16
Waiting clients: (47,17,6)(18,19,1)(11,20,1)(5,21,5)(8,21,3)(33,21,4)(13,22,4)(15,22,2)(36,22,1)(21,24,4)(7,25,2)(41,25,5)(19,26,4)(30,26,6)(40,26,1)(2,27,4)(42,27,6)(1,28,1)(20,28,1)(9,29,3)(10,29,4)(23,30,2)(29,30,3)(3,31,1)(16,31,6)(14,32,2)(17,32,1)(27,32,6)(28,33,4)(32,33,6)(43,33,5)(39,34,1)(26,35,3)(25,39,2)
Queue 0: [] current: (44,13,1)
Queue 1: [] current: (49,16,2)
Queue 2: [] current: (22,14,3)
Queue 3: [] current: (34,15,2)
Queue 4: closed queue

Time: 17
Waiting clients: (18,19,1)(11,20,1)(5,21,5)(8,21,3)(33,21,4)(13,22,4)(15,22,2)(36,22,1)(21,24,4)(7,25,2)(41,25,5)(19,26,4)(30,26,6)(40,26,1)(2,27,4)(42,27,6)(1,28,1)(20,28,1)(9,29,3)(10,29,4)(23,30,2)(29,30,3)(3,31,1)(16,31,6)(14,32,2)(17,32,1)(27,32,6)(28,33,4)(32,33,6)(43,33,5)(39,34,1)(26,35,3)(25,39,2)
Queue 0: closed queue
Queue 1: [] current: (49,16,1)
Queue 2: [] current: (22,14,2)
Queue 3: [] current: (34,15,1)
Queue 4: [] current: (47,17,6)

Time: 18
Waiting clients: (18,19,1)(11,20,1)(5,21,5)(8,21,3)(33,21,4)(13,22,4)(15,22,2)(36,22,1)(21,24,4)(7,25,2)(41,25,5)(19,26,4)(30,26,6)(40,26,1)(2,27,4)(42,27,6)(1,28,1)(20,28,1)(9,29,3)(10,29,4)(23,30,2)(29,30,3)(3,31,1)(16,31,6)(14,32,2)(17,32,1)(27,32,6)(28,33,4)(32,33,6)(43,33,5)(39,34,1)(26,35,3)(25,39,2)
Queue 0: closed queue
Queue 1: closed queue
Queue 2: [] current: (22,14,1)
Queue 3: closed queue
Queue 4: [] current: (47,17,5)

Time: 19
Waiting clients: (11,20,1)(5,21,5)(8,21,3)(33,21,4)(13,22,4)(15,22,2)(36,22,1)(21,24,4)(7,25,2)(41,25,5)(19,26,4)(30,26,6)(40,26,1)(2,27,4)(42,27,6)(1,28,1)(20,28,1)(9,29,3)(10,29,4)(23,30,2)(29,30,3)(3,31,1)(16,31,6)(14,32,2)(17,32,1)(27,32,6)(28,33,4)(32,33,6)(43,33,5)(39,34,1)(26,35,3)(25,39,2)
Queue 0: [] current: (18,19,1)
Queue 1: closed queue
Queue 2: closed queue
Queue 3: closed queue
Queue 4: [] current: (47,17,4)

Time: 20
Waiting clients: (5,21,5)(8,21,3)(33,21,4)(13,22,4)(15,22,2)(36,22,1)(21,24,4)(7,25,2)(41,25,5)(19,26,4)(30,26,6)(40,26,1)(2,27,4)(42,27,6)(1,28,1)(20,28,1)(9,29,3)(10,29,4)(23,30,2)(29,30,3)(3,31,1)(16,31,6)(14,32,2)(17,32,1)(27,32,6)(28,33,4)(32,33,6)(43,33,5)(39,34,1)(26,35,3)(25,39,2)
Queue 0: closed queue
Queue 1: [] current: (11,20,1)
Queue 2: closed queue
Queue 3: closed queue
Queue 4: [] current: (47,17,3)

Time: 21
Waiting clients: (13,22,4)(15,22,2)(36,22,1)(21,24,4)(7,25,2)(41,25,5)(19,26,4)(30,26,6)(40,26,1)(2,27,4)(42,27,6)(1,28,1)(20,28,1)(9,29,3)(10,29,4)(23,30,2)(29,30,3)(3,31,1)(16,31,6)(14,32,2)(17,32,1)(27,32,6)(28,33,4)(32,33,6)(43,33,5)(39,34,1)(26,35,3)(25,39,2)
Queue 0: [] current: (5,21,5)
Queue 1: closed queue
Queue 2: [] current: (8,21,3)
Queue 3: [] current: (33,21,4)
Queue 4: [] current: (47,17,2)

Time: 22
Waiting clients: (21,24,4)(7,25,2)(41,25,5)(19,26,4)(30,26,6)(40,26,1)(2,27,4)(42,27,6)(1,28,1)(20,28,1)(9,29,3)(10,29,4)(23,30,2)(29,30,3)(3,31,1)(16,31,6)(14,32,2)(17,32,1)(27,32,6)(28,33,4)(32,33,6)(43,33,5)(39,34,1)(26,35,3)(25,39,2)
Queue 0: [] current: (5,21,4)
Queue 1: [(36,22,1)] current: (13,22,4)
Queue 2: [(15,22,2)] current: (8,21,2)
Queue 3: [] current: (33,21,3)
Queue 4: [] current: (47,17,1)

Time: 23
Waiting clients: (21,24,4)(7,25,2)(41,25,5)(19,26,4)(30,26,6)(40,26,1)(2,27,4)(42,27,6)(1,28,1)(20,28,1)(9,29,3)(10,29,4)(23,30,2)(29,30,3)(3,31,1)(16,31,6)(14,32,2)(17,32,1)(27,32,6)(28,33,4)(32,33,6)(43,33,5)(39,34,1)(26,35,3)(25,39,2)
Queue 0: [] current: (5,21,3)
Queue 1: [(36,22,1)] current: (13,22,3)
Queue 2: [(15,22,2)] current: (8,21,1)
Queue 3: [] current: (33,21,2)
Queue 4: closed queue

Time: 24
Waiting clients: (7,25,2)(41,25,5)(19,26,4)(30,26,6)(40,26,1)(2,27,4)(42,27,6)(1,28,1)(20,28,1)(9,29,3)(10,29,4)(23,30,2)(29,30,3)(3,31,1)(16,31,6)(14,32,2)(17,32,1)(27,32,6)(28,33,4)(32,33,6)(43,33,5)(39,34,1)(26,35,3)(25,39,2)
Queue 0: [] current: (5,21,2)
Queue 1: [(36,22,1)] current: (13,22,2)
Queue 2: [] current: (15,22,2)
Queue 3: [] current: (33,21,1)
Queue 4: [] current: (21,24,4)

Time: 25
Waiting clients: (19,26,4)(30,26,6)(40,26,1)(2,27,4)(42,27,6)(1,28,1)(20,28,1)(9,29,3)(10,29,4)(23,30,2)(29,30,3)(3,31,1)(16,31,6)(14,32,2)(17,32,1)(27,32,6)(28,33,4)(32,33,6)(43,33,5)(39,34,1)(26,35,3)(25,39,2)
Queue 0: [] current: (5,21,1)
Queue 1: [(36,22,1)] current: (13,22,1)
Queue 2: [(7,25,2), (41,25,5)] current: (15,22,1)
Queue 3: closed queue
Queue 4: [] current: (21,24,3)

Time: 26
Waiting clients: (2,27,4)(42,27,6)(1,28,1)(20,28,1)(9,29,3)(10,29,4)(23,30,2)(29,30,3)(3,31,1)(16,31,6)(14,32,2)(17,32,1)(27,32,6)(28,33,4)(32,33,6)(43,33,5)(39,34,1)(26,35,3)(25,39,2)
Queue 0: closed queue
Queue 1: [] current: (36,22,1)
Queue 2: [(41,25,5)] current: (7,25,2)
Queue 3: [(30,26,6)] current: (19,26,4)
Queue 4: [(40,26,1)] current: (21,24,2)

Time: 27
Waiting clients: (1,28,1)(20,28,1)(9,29,3)(10,29,4)(23,30,2)(29,30,3)(3,31,1)(16,31,6)(14,32,2)(17,32,1)(27,32,6)(28,33,4)(32,33,6)(43,33,5)(39,34,1)(26,35,3)(25,39,2)
Queue 0: [] current: (2,27,4)
Queue 1: [] current: (42,27,6)
Queue 2: [(41,25,5)] current: (7,25,1)
Queue 3: [(30,26,6)] current: (19,26,3)
Queue 4: [(40,26,1)] current: (21,24,1)

Time: 28
Waiting clients: (9,29,3)(10,29,4)(23,30,2)(29,30,3)(3,31,1)(16,31,6)(14,32,2)(17,32,1)(27,32,6)(28,33,4)(32,33,6)(43,33,5)(39,34,1)(26,35,3)(25,39,2)
Queue 0: [(1,28,1), (20,28,1)] current: (2,27,3)
Queue 1: [] current: (42,27,5)
Queue 2: [] current: (41,25,5)
Queue 3: [(30,26,6)] current: (19,26,2)
Queue 4: [] current: (40,26,1)

Time: 29
Waiting clients: (23,30,2)(29,30,3)(3,31,1)(16,31,6)(14,32,2)(17,32,1)(27,32,6)(28,33,4)(32,33,6)(43,33,5)(39,34,1)(26,35,3)(25,39,2)
Queue 0: [(1,28,1), (20,28,1)] current: (2,27,2)
Queue 1: [] current: (42,27,4)
Queue 2: [] current: (41,25,4)
Queue 3: [(30,26,6)] current: (19,26,1)
Queue 4: [(10,29,4)] current: (9,29,3)

Time: 30
Waiting clients: (3,31,1)(16,31,6)(14,32,2)(17,32,1)(27,32,6)(28,33,4)(32,33,6)(43,33,5)(39,34,1)(26,35,3)(25,39,2)
Queue 0: [(1,28,1), (20,28,1), (29,30,3)] current: (2,27,1)
Queue 1: [] current: (42,27,3)
Queue 2: [(23,30,2)] current: (41,25,3)
Queue 3: [] current: (30,26,6)
Queue 4: [(10,29,4)] current: (9,29,2)

Time: 31
Waiting clients: (14,32,2)(17,32,1)(27,32,6)(28,33,4)(32,33,6)(43,33,5)(39,34,1)(26,35,3)(25,39,2)
Queue 0: [(20,28,1), (29,30,3)] current: (1,28,1)
Queue 1: [(3,31,1)] current: (42,27,2)
Queue 2: [(23,30,2)] current: (41,25,2)
Queue 3: [(16,31,6)] current: (30,26,5)
Queue 4: [(10,29,4)] current: (9,29,1)

Time: 32
Waiting clients: (28,33,4)(32,33,6)(43,33,5)(39,34,1)(26,35,3)(25,39,2)
Queue 0: [(29,30,3), (14,32,2), (17,32,1)] current: (20,28,1)
Queue 1: [(3,31,1), (27,32,6)] current: (42,27,1)
Queue 2: [(23,30,2)] current: (41,25,1)
Queue 3: [(16,31,6)] current: (30,26,4)
Queue 4: [] current: (10,29,4)

Time: 33
Waiting clients: (39,34,1)(26,35,3)(25,39,2)
Queue 0: [(14,32,2), (17,32,1), (32,33,6)] current: (29,30,3)
Queue 1: [(27,32,6)] current: (3,31,1)
Queue 2: [(43,33,5)] current: (23,30,2)
Queue 3: [(16,31,6)] current: (30,26,3)
Queue 4: [(28,33,4)] current: (10,29,3)

Time: 34
Waiting clients: (26,35,3)(25,39,2)
Queue 0: [(14,32,2), (17,32,1), (32,33,6)] current: (29,30,2)
Queue 1: [(39,34,1)] current: (27,32,6)
Queue 2: [(43,33,5)] current: (23,30,1)
Queue 3: [(16,31,6)] current: (30,26,2)
Queue 4: [(28,33,4)] current: (10,29,2)

Time: 35
Waiting clients: (25,39,2)
Queue 0: [(14,32,2), (17,32,1), (32,33,6)] current: (29,30,1)
Queue 1: [(39,34,1), (26,35,3)] current: (27,32,5)
Queue 2: [] current: (43,33,5)
Queue 3: [(16,31,6)] current: (30,26,1)
Queue 4: [(28,33,4)] current: (10,29,1)

Time: 36
Waiting clients: (25,39,2)
Queue 0: [(17,32,1), (32,33,6)] current: (14,32,2)
Queue 1: [(39,34,1), (26,35,3)] current: (27,32,4)
Queue 2: [] current: (43,33,4)
Queue 3: [] current: (16,31,6)
Queue 4: [] current: (28,33,4)

Time: 37
Waiting clients: (25,39,2)
Queue 0: [(17,32,1), (32,33,6)] current: (14,32,1)
Queue 1: [(39,34,1), (26,35,3)] current: (27,32,3)
Queue 2: [] current: (43,33,3)
Queue 3: [] current: (16,31,5)
Queue 4: [] current: (28,33,3)

Time: 38
Waiting clients: (25,39,2)
Queue 0: [(32,33,6)] current: (17,32,1)
Queue 1: [(39,34,1), (26,35,3)] current: (27,32,2)
Queue 2: [] current: (43,33,2)
Queue 3: [] current: (16,31,4)
Queue 4: [] current: (28,33,2)

Time: 39
Waiting clients: 
Queue 0: [] current: (32,33,6)
Queue 1: [(39,34,1), (26,35,3)] current: (27,32,1)
Queue 2: [] current: (43,33,1)
Queue 3: [] current: (16,31,3)
Queue 4: [(25,39,2)] current: (28,33,1)

Time: 40
Waiting clients: 
Queue 0: [] current: (32,33,5)
Queue 1: [(26,35,3)] current: (39,34,1)
Queue 2: closed queue
Queue 3: [] current: (16,31,2)
Queue 4: [] current: (25,39,2)

Time: 41
Waiting clients: 
Queue 0: [] current: (32,33,4)
Queue 1: [] current: (26,35,3)
Queue 2: closed queue
Queue 3: [] current: (16,31,1)
Queue 4: [] current: (25,39,1)

Time: 42
Waiting clients: 
Queue 0: [] current: (32,33,3)
Queue 1: [] current: (26,35,2)
Queue 2: closed queue
Queue 3: closed queue
Queue 4: closed queue

Time: 43
Waiting clients: 
Queue 0: [] current: (32,33,2)
Queue 1: [] current: (26,35,1)
Queue 2: closed queue
Queue 3: closed queue
Queue 4: closed queue

Time: 44
Waiting clients: 
Queue 0: [] current: (32,33,1)
Queue 1: closed queue
Queue 2: closed queue
Queue 3: closed queue
Queue 4: closed queue

Time: 45
Waiting clients: 
Queue 0: closed queue
Queue 1: closed queue
Queue 2: closed queue
Queue 3: closed queue
Queue 4: closed queue

Time: 46
Waiting clients: 
Queue 0: closed queue
Queue 1: closed queue
Queue 2: closed queue
Queue 3: closed queue
Queue 4: closed queue

Time: 47
Waiting clients: 
Queue 0: closed queue
Queue 1: closed queue
Queue 2: closed queue
Queue 3: closed queue
Queue 4: closed queue

Time: 48
Waiting clients: 
Queue 0: closed queue
Queue 1: closed queue
Queue 2: closed queue
Queue 3: closed queue
Queue 4: closed queue

Time: 49
Waiting clients: 
Queue 0: closed queue
Queue 1: closed queue
Queue 2: closed queue
Queue 3: closed queue
Queue 4: closed queue

Time: 50
Waiting clients: 
Queue 0: closed queue
Queue 1: closed queue
Queue 2: closed queue
Queue 3: closed queue
Queue 4: closed queue

Time: 51
Waiting clients: 
Queue 0: closed queue
Queue 1: closed queue
Queue 2: closed queue
Queue 3: closed queue
Queue 4: closed queue

Time: 52
Waiting clients: 
Queue 0: closed queue
Queue 1: closed queue
Queue 2: closed queue
Queue 3: closed queue
Queue 4: closed queue

Time: 53
Waiting clients: 
Queue 0: closed queue
Queue 1: closed queue
Queue 2: closed queue
Queue 3: closed queue
Queue 4: closed queue

Time: 54
Waiting clients: 
Queue 0: closed queue
Queue 1: closed queue
Queue 2: closed queue
Queue 3: closed queue
Queue 4: closed queue

Time: 55
Waiting clients: 
Queue 0: closed queue
Queue 1: closed queue
Queue 2: closed queue
Queue 3: closed queue
Queue 4: closed queue

Time: 56
Waiting clients: 
Queue 0: closed queue
Queue 1: closed queue
Queue 2: closed queue
Queue 3: closed queue
Queue 4: closed queue

Time: 57
Waiting clients: 
Queue 0: closed queue
Queue 1: closed queue
Queue 2: closed queue
Queue 3: closed queue
Queue 4: closed queue

Time: 58
Waiting clients: 
Queue 0: closed queue
Queue 1: closed queue
Queue 2: closed queue
Queue 3: closed queue
Queue 4: closed queue

Time: 59
Waiting clients: 
Queue 0: closed queue
Queue 1: closed queue
Queue 2: closed queue
Queue 3: closed queue
Queue 4: closed queue
Average service time: 3.22
Peak time: 32
